id_personal;cedula;promedio
64;1000406448;1956723
65;1001361637;1906681
66;1002153818;1852468
67;1002809392;3180000
68;1002859637;1822764
69;1002859814;4326153
70;1002860322;2000000
71;1002860493;1820512
72;1002879479;1400000
73;1002924213;1548723
74;1002966113;1956723
75;1004542033;1935574
76;1004572820;1400000
77;1004598340;2000000
78;1004601147;1878455
79;1004612419;2062766
80;1004709857;870000
81;1005090502;1025489
82;1005699656;2480003
83;1005705583;1896255
84;1005707225;1160000
85;1005744227;1885829
86;1005830293;1931702
87;1005831894;1472979
88;1005832308;1400000
89;1005832515;2046382
90;1005861644;2017192
91;1005864899;2002596
92;1005869023;1944511
93;1005872006;4012850
94;1005872332;1524043
95;1005873178;2352765
96;1005873660;1764894
97;1005873734;3895124
98;1005875411;1967149
99;1005876333;1400000
100;1005877717;1410426
101;1005879170;3400826
102;1005892943;1643958
103;1005895805;1232000
104;1005944326;1860809
105;1005966167;2185966
106;1005967091;1253540
107;1005975247;1967149
108;1005979416;1921276
109;1005980155;1344000
110;1005980872;1248913
111;1005981245;1985916
112;1005981571;1839957
113;1006009271;2031787
114;1006010333;1756553
115;1006011577;1598085
116;1006015504;1994256
117;1006033852;1685398
118;1006034540;2073489
119;1006035332;1400000
120;1006037079;2013191
121;1006038337;1556383
122;1006048558;2056963
123;1006048801;2423705
124;1006050028;2027617
125;1006050715;1472979
126;1006050980;1764894
127;1006051547;1183570
128;1006051579;1512000
129;1006054678;2041683
130;1006054956;1618936
131;1006055220;1691915
132;1006071689;2042213
133;1006071906;1881659
134;1006072709;1326366
135;1006073270;1160000
136;1006098951;2400000
137;1006099587;1754468
138;1006103634;1779489
139;1006106296;1600000
140;1006108484;2102681
141;1006110239;1092869
142;1006167814;1518851
143;1006170490;1994254
144;1006172533;1160000
145;1006180147;2013191
146;1006181321;1540000
147;1006183308;1977574
148;1006184500;1887915
149;1006198662;4203013
150;1006203250;1766979
151;1006211525;1094163
152;1006231756;4023992
153;1006233649;3129524
154;1006306063;2117765
155;1006324079;2342957
156;1006331767;1506341
157;1006362766;1852469
158;1006373484;2187575
159;1006434207;1675531
160;1006435537;1232000
161;1006435993;1933489
162;1006491865;2048468
163;1006504621;2443404
164;1006513156;1970128
165;1006868992;1160000
166;1007148217;1894171
167;1007149024;1668979
168;1007198951;1160000
169;1007311446;1942127
170;1007352188;2150757
171;1007422461;1512000
172;1007433801;3000000
173;1007439622;1344000
174;1007489135;1883745
175;1007543612;1860808
176;1007602949;1912841
177;1007616685;1848297
178;1007619329;1955234
179;1007619686;1706510
180;1007626336;1854553
181;1007706840;1915092
182;1007734764;1748213
183;1007758675;1832898
184;1007815557;1940043
185;1007960520;2035957
186;1010020892;2037447
187;1010022286;3890602
188;1010029642;1940043
189;1010051841;1885830
190;1010079012;1540000
191;1010129440;2025532
192;1010151973;2604501
193;1010153366;1915022
194;1010159688;1744043
195;1012440931;1898340
196;10128484;1814042
197;1014273226;3239477
198;1019076416;1764894
199;1020399829;2142679
200;1020770462;6922798
201;10274359;25712500
202;1028008149;1780371
203;10303491;7155958
204;1032502685;6456480
205;1039679608;3872515
206;1040753114;1915021
207;1042449594;4823451
208;1042470951;1470979
209;1047413725;7660958
210;1047488587;7479373
211;1052395056;4053383
212;1053850512;3994622
213;1053853308;4406668
214;1054989410;2008851
215;10558466;1400000
216;1058971428;1400000
217;1059066489;2178043
218;1059448793;1892086
219;1059449349;1884460
220;1059984308;1895093
221;1059984561;2255132
222;1059990469;1927479
223;1060357317;4681900
224;1060416316;1921849
225;1060991798;2288911
226;1061016802;2173742
227;1061086879;2232613
228;1061430571;1915915
229;1061533405;1710680
230;1061601413;1160000
231;1061693680;4100539
232;1061735901;2574583
233;1061770652;6883043
234;1061783472;2365851
235;1061792047;6826095
236;1061792694;6479043
237;1061811587;2293415
238;1062275294;1667191
239;1062282613;2048468
240;1062284396;4202599
241;1062302205;2025532
242;1062309551;3704936
243;1062314209;3420485
244;1062315894;3926776
245;1062318853;3659995
246;1062322171;4288263
247;1062323021;3730724
248;1062323198;6178192
249;1062324128;1860726
250;1062324778;2000000
251;1062328166;4529808
252;1062754001;1199120
253;1065809597;4155651
254;1065833434;4211642
255;1067531552;2046382
256;1067531709;1170613
257;1070624285;4324685
258;1073717592;2025532
259;1075088540;6148106
260;1076822431;1848297
261;1080830482;1155064
262;1082908101;3530477
263;1082991340;3043404
264;1083867821;2010936
265;1083873892;4017702
266;1085101713;5990160
267;1085262934;5050000
268;1085267097;1914149
269;1085283156;3760118
270;1085300962;5050000
271;1085308636;7148437
272;1085314210;2498662
273;1085337890;7031319
274;1085686489;1764894
275;1085933775;6674595
276;1085947117;4792357
277;1086046112;2048468
278;1086134428;1777404
279;1086140502;3372255
280;1086361764;3847799
281;1086363180;6930320
282;1086727470;2282893
283;1086894083;1419000
284;1087114967;4595987
285;1087127800;3729361
286;1087184974;1588565
287;1087185258;7107607
288;1087194424;4032510
289;1087416902;3940340
290;1087556729;2739574
291;1087748134;7092564
292;1088217858;1764894
293;1088272183;4529809
294;1088353388;3978453
295;1088971923;3976514
296;1089484539;4605587
297;1090418549;1900000
298;1094918131;4600000
299;1095921926;2412766
300;1098717173;4401932
301;1104702688;1869495
302;1105362033;2225702
303;1105363717;1501729
304;1105365612;1187457
305;1106512624;2196510
306;1107039411;1870448
307;1107044460;2025531
308;1107047003;1263659
309;1107052295;1691915
310;1107060047;1574639
311;1107064113;2344888
312;1107065445;1908337
313;1107065982;4586642
314;1107069691;3204230
315;1107070140;1902510
316;1107078925;2339234
317;1107079092;4491920
318;1107080360;1990077
319;1107081697;2013191
320;1107085577;2800000
321;1107086863;3528332
322;1107089900;1900000
323;1107091081;1692154
324;1107093248;1478114
325;1107095396;2136043
326;1107100673;3500000
327;1107507210;4761880
328;1107510241;4554645
329;1107513532;1754000
330;1107514700;2162075
331;1107515545;2206936
332;1107516624;1973404
333;1107517048;1664559
334;1107517051;2228086
335;1107519080;870000
336;1107520118;2000000
337;1107524071;1990085
338;1107528384;1954638
339;1107528806;2196510
340;1107529075;1400000
341;1107835957;1401192
342;1107837037;1344000
343;1108332491;1948383
344;1108332959;1581487
345;1108559115;1884459
346;1108640273;1712314
347;1108641159;870000
348;1109542043;870000
349;1109543956;2042165
350;1109661536;1226330
351;1110282611;1789914
352;1110287564;1116192
353;1110289270;1212077
354;1110445058;1894170
355;1111479379;973660
356;1111539212;1940043
357;1111540372;1161543
358;1111665608;2119361
359;1111739581;3277911
360;1111740516;2674000
361;1111756484;1915021
362;1111772998;1344000
363;1111801931;1613658
364;1111923313;1610919
365;1112223857;1937957
366;1112232178;1217259
367;1112466029;1475000
368;1112471576;2019277
369;1112475011;2086000
370;1112476489;2048468
371;1112477288;3393829
372;1112477493;4540758
373;1112479464;1401192
374;1112487076;4253320
375;1112487206;2013021
376;1112491551;1158951
377;1112492237;1948871
378;1112492438;1656266
379;1112493810;1648128
380;1112495154;870000
381;1112763216;4112165
382;1112783788;1752383
383;1112878113;3850893
384;1112965976;1828079
385;1112968888;1400000
386;1113516203;1491465
387;1113517693;4529809
388;1113518887;1940042
389;1113521700;3036000
390;1113527131;3520000
391;1113528766;3000000
392;1113530367;1545957
393;1113532885;1954519
394;1113534615;6667074
395;1113595327;1904596
396;1113622048;4652949
397;1113625501;4437728
398;1113627496;2090743
399;1113633745;2032586
400;1113637353;1795200
401;1113638143;4130252
402;1113652442;1817021
403;1113654635;2013191
404;1113657952;2046383
405;1113658585;6417799
406;1113658728;5992309
407;1113659067;3587648
408;1113662233;3849907
409;1113667816;1344000
410;1113672038;1779489
411;1113672769;2031787
412;1113674092;3858950
413;1113674141;1540000
414;1113676976;1562638
415;1113682693;3795702
416;1113682984;4026253
417;1113685426;4080256
418;1113692303;4007520
419;1113692653;4258798
420;1113692833;3775830
421;1113693683;4535913
422;1113784527;4600000
423;1114060670;2176315
424;1114120210;3300000
425;1114211982;4293034
426;1114338245;2067234
427;1114340095;1858724
428;1114456546;1871234
429;1114490006;2065148
430;1114728918;3840863
431;1114734966;1848298
432;1114824441;2016429
433;1114825954;3946809
434;1114829973;1798255
435;1114833102;1764894
436;1114837504;1708596
437;1114884035;1400000
438;1114891533;1955627
439;1114895637;1760724
440;1114900150;3000000
441;1115066469;2861106
442;1115071032;7659884
443;1115085652;1521913
444;1115421291;4406076
445;1116238161;3393128
446;1116242118;3235063
447;1116247188;4600000
448;1116264562;6796011
449;1116268590;6877670
450;1116439017;3811000
451;1118283694;2077660
452;1118299010;4152860
453;1118300527;4676630
454;1118303275;2800000
455;1118305678;1935872
456;1118306769;3036000
457;1118307449;1525106
458;1118308469;1400000
459;1118310208;1846212
460;1118310641;1602077
461;1118310779;3610213
462;1120558375;2002595
463;1121526591;1578094
464;1123733440;3296630
465;1125273333;3568084
466;1126566330;6967926
467;1126603698;8394451
468;1129571389;6135213
469;1129582914;3196366
470;1130584074;1470979
471;1130589125;4794357
472;1130590761;3890602
473;1130590985;2066936
474;1130591132;2100596
475;1130591852;19979520
476;1130596948;2553271
477;1130606960;1952553
478;1130610187;2800000
479;1130616580;2029702
480;1130622278;18664589
481;1130624845;2169404
482;1130625474;2013191
483;1130625648;2044893
484;1130626557;1946298
485;1130628272;1872449
486;1130631319;2235000
487;1130633748;4000000
488;1130637766;870000
489;1130643269;2008851
490;1130646194;2153796
491;1130646537;1887914
492;1130646890;2054425
493;1130651194;1470979
494;1130652158;1746128
495;1130654792;4365380
496;1130656160;6000904
497;1130657832;1890000
498;1130660819;1874361
499;1130663071;2065149
500;1130663337;4652949
501;1130666144;1926282
502;1130667994;8250000
503;1130673020;1869150
504;1130680457;6600000
505;1130945364;1956724
506;1130946963;3958427
507;1130947412;1721428
508;1140416013;1229106
509;1140904581;2804922
510;1143151963;7201086
511;1143155861;7013053
512;1143454061;6614426
513;1143827579;2252911
514;1143828937;2126382
515;1143831680;2067235
516;1143831986;3520000
517;1143832086;2048886
518;1143832105;1760000
519;1143835298;2009149
520;1143836559;4967565
521;1143839688;1935872
522;1143840455;6373744
523;1143845704;1626240
524;1143845784;4780149
525;1143845915;7140915
526;1143847065;2365851
527;1143852006;6238362
528;1143853436;1344000
529;1143854024;4470268
530;1143854719;1883566
531;1143854794;1277872
532;1143854901;1996555
533;1143856622;1232000
534;1143856668;3550638
535;1143856896;4444558
536;1143859444;6417797
537;1143860911;2135781
538;1143861084;4406076
539;1143862327;4103553
540;1143863962;4279468
541;1143865663;1927531
542;1143866361;3180000
543;1143866540;1960131
544;1143867854;3886080
545;1143868854;5350851
546;1143869066;2069319
547;1143871204;4525072
548;1143871731;1940042
549;1143872335;1885830
550;1143872470;3307302
551;1143872828;5050000
552;1143873617;1314570
553;1143875082;1848000
554;1143876179;2000000
555;1143877203;1574638
556;1143877360;2040127
557;1143877738;2092994
558;1143878461;2255788
559;1143878688;7208607
560;1143879060;1837872
561;1143879948;2021361
562;1143925023;5050000
563;1143925847;2440371
564;1143929699;1470979
565;1143932034;6193235
566;1143935697;1837873
567;1143936997;1602077
568;1143937698;2046383
569;1143937733;1756553
570;1143944909;1902511
571;1143945232;2164413
572;1143946500;2381490
573;1143948062;2077231
574;1143959461;1232000
575;1143962847;1608225
576;1143963450;2920851
577;1143964144;3583126
578;1143972817;2113702
579;1143973032;1817021
580;1143975157;3971993
581;1143980620;3000000
582;1143986880;1400000
583;1143988397;2023185
584;1143990258;1806595
585;1143993002;2142536
586;1143993690;1849787
587;1143995090;1992169
588;1143996025;1940042
589;1144028100;6403830
590;1144028474;1794979
591;1144030940;1744042
592;1144031346;2023185
593;1144032344;1232000
594;1144033070;2270574
595;1144033811;4424808
596;1144038633;4519118
597;1144039859;2138033
598;1144042220;1973404
599;1144046606;2465957
600;1144047378;1999379
601;1144049199;1493830
602;1144051833;6486564
603;1144051952;4037362
604;1144053142;5137032
605;1144054883;6851883
606;1144057717;4302472
607;1144060843;7565051
608;1144061797;5635586
609;1144063175;3308425
610;1144066075;2004680
611;1144066683;3835404
612;1144067317;1632453
613;1144069240;3036000
614;1144071499;1973404
615;1144072383;1367319
616;1144075352;1940043
617;1144076514;1764894
618;1144076545;4496655
619;1144077756;5501277
620;1144078148;1400000
621;1144080385;5704351
622;1144084708;1673012
623;1144085729;3000000
624;1144086298;1740915
625;1144088651;1994255
626;1144090340;1344000
627;1144092544;1232000
628;1144093941;9010731
629;1144094690;2202695
630;1144096671;1921276
631;1144097753;2091659
632;1144098191;7432095
633;1144102431;7464330
634;1144102821;1994256
635;1144104497;6275968
636;1144106146;3166876
637;1144109805;2013191
638;1144112031;3440171
639;1144124745;1994553
640;1144124905;3036000
641;1144125189;1707917
642;1144126422;1512000
643;1144130828;1866468
644;1144133971;3036000
645;1144136423;1994553
646;1144142963;1400000
647;1144148550;2052637
648;1144148976;4012688
649;1144151748;1991657
650;1144153595;1654383
651;1144154125;2732425
652;1144156128;7584670
653;1144156303;7336468
654;1144156757;2267984
655;1144156776;2261148
656;1144158607;1747022
657;1144159034;3740000
658;1144161664;4189034
659;1144163998;1958809
660;1144164287;7261255
661;1144164339;3760340
662;1144166311;4329277
663;1144168177;3795646
664;1144168369;1400000
665;1144170150;2001631
666;1144170768;2369659
667;1144174255;3696168
668;1144174567;1344000
669;1144174817;1462000
670;1144176582;3827298
671;1144176956;2013191
672;1144179304;1422638
673;1144181681;2476785
674;1144183352;1344000
675;1144184824;4577171
676;1144185098;4316681
677;1144186496;1867064
678;1144186535;3180000
679;1144186631;1540000
680;1144187140;3838383
681;1144187586;1628242
682;1144189945;5036579
683;1144190392;2400000
684;1144190394;5083940
685;1144192216;2029149
686;1144193150;4167718
687;1144193766;1548724
688;1144195625;3076695
689;1144195658;4283527
690;1144196125;1883405
691;1144200624;1400000
692;1144200847;1344000
693;1144201120;1344000
694;1144201264;1600170
695;1144201877;2031787
696;1144202446;4454030
697;1144202665;3180638
698;1144206075;2058894
699;1144207281;3172774
700;1144208105;2163149
701;1148694621;1689830
702;1149684094;2321020
703;1151442568;1775319
704;1151935372;2013191
705;1151935558;1992169
706;1151936491;2277532
707;1151936787;2013191
708;1151945974;1914149
709;1151950204;6441436
710;1151950323;7125873
711;1151950374;3300000
712;1151951335;1400000
713;1151951903;1764894
714;1151953702;1904596
715;1151955878;1967149
716;1151956451;1883745
717;1151957352;4605587
718;1151957850;1827447
719;1151960148;1344000
720;1151960721;6930319
721;1151960998;1585959
722;1151963777;6313574
723;1151963983;2087203
724;1151964056;3596783
725;1151966064;6448957
726;1151967606;3357574
727;1151968533;2438298
728;1151969733;1817134
729;1151970417;2010935
730;1192777097;1981744
731;1192786894;1572802
732;1192907892;2901472
733;1193089235;2058893
734;1193101709;1038447
735;1193238857;1400000
736;1193249666;1817617
737;1193381772;1493830
738;1193399308;2026581
739;1193424644;1912936
740;1193445496;1706298
741;1193479563;1904595
742;1193534142;1562638
743;1193586503;1737788
744;1193596947;1160000
745;1232588870;1706511
746;1233494970;6185712
747;1234089319;2650212
748;1234188939;1965063
749;1234189114;1587064
750;1234189734;2270896
751;1234192551;1731533
752;1234193511;4669863
753;1234195931;1514681
754;1234197716;2211106
755;1234198055;1372596
756;1234198330;1160000
757;12988148;5629209
758;14621129;5500000
759;14675538;1367319
760;14677464;2743149
761;14678093;1900000
762;14700970;1861047
763;14839001;2186383
764;16077456;4037672
765;16283032;7150000
766;16289247;1229106
767;16363175;16433214
768;16463162;2325489
769;16463581;5500000
770;16670288;1232000
771;16677133;21606654
772;16698161;12100000
773;16710947;7392953
774;16746656;6462016
775;16772731;7547064
776;16773106;2194868
777;16773483;14000000
778;16775794;9963660
779;16785103;19900519
780;16787818;2013191
781;16897203;2511660
782;16925946;2018383
783;16937346;1524043
784;16985779;6283490
785;24333031;1400000
786;25281472;3000000
787;25337441;1519353
788;25364061;1436425
789;25371393;1493830
790;25394357;1308085
791;25529001;1483404
792;25618910;3880953
793;25665718;1263660
794;25691416;2014177
795;26477532;3345779
796;27082322;2075574
797;27452290;2261245
798;29105014;1655838
799;29111677;1478400
800;29113834;2027617
801;29113983;1860808
802;29114330;1232000
803;29121133;1974720
804;29124665;1963508
805;29125426;6000000
806;29180361;1901468
807;29349998;2133439
808;29352387;2090766
809;29360387;1977968
810;29504379;2432069
811;29507892;2413733
812;29508180;1650213
813;29509519;2042212
814;29510588;4572433
815;29664501;1540000
816;29677786;4065600
817;29680855;2284086
818;29683536;1168638
819;29974082;1895092
820;29974615;4180000
821;29975747;3700691
822;29975749;2063064
823;30300845;1160000
824;30350915;1929319
825;30393096;4600000
826;30393585;6942078
827;30398856;1516766
828;30734009;1993065
829;30746119;4884086
830;31305381;4197600
831;31305713;1865551
832;31306355;1470979
833;31307204;2013191
834;31308317;1951362
835;31321479;1479616
836;31322593;3908693
837;31322601;1367319
838;31323494;1864979
839;31422786;4500000
840;31480740;1873319
841;31481569;4240225
842;31482463;2169559
843;31482973;2389604
844;31483355;3811000
845;31485844;2800000
846;31488595;3368640
847;31524039;1493830
848;31537290;3000000
849;31567734;1869149
850;31568612;1881457
851;31569853;1840779
852;31575111;1900000
853;31578860;3000000
854;31579850;3815915
855;31582978;2800000
856;31589975;4338250
857;31601329;1470979
858;31656622;2077231
859;31710184;2162803
860;31901853;3101194
861;31938740;1485170
862;31951606;1900000
863;31959744;1900000
864;31963126;2308249
865;31964623;2013191
866;31972711;1775319
867;31978902;1353252
868;31984241;3100000
869;31994445;2013191
870;31998156;2924139
871;32701732;8800000
872;34325941;1960893
873;34340993;1967894
874;34373568;1505532
875;34502825;1703413
876;34512349;1839957
877;34512975;1936486
878;34567830;19143168
879;34609081;4700311
880;34611084;4425612
881;34770941;2088085
882;36753791;1160000
883;36931595;1593915
884;3738589;8069596
885;38550750;2151544
886;38554737;3812042
887;38556930;2621241
888;38557877;2036697
889;38559541;1702340
890;38560885;4487183
891;38561419;3502255
892;38568531;1633531
893;38595122;3875915
894;38600067;3225106
895;38601637;2013191
896;38601739;1900000
897;38603186;14000000
898;38610613;4893773
899;38611537;1854934
900;38614143;1574638
901;38640770;4100000
902;38641184;7374074
903;38642394;4600000
904;38644612;3578604
905;38644768;4600000
906;38655108;1232000
907;38655483;3343476
908;38666023;2048468
909;38666783;1400000
910;38680805;2228109
911;38790378;4315642
912;38877635;3133616
913;42118114;4818715
914;42138624;8800000
915;48654139;4316680
916;49671750;1886462
917;49689730;7231170
918;50892209;4411404
919;52090093;1602077
920;52514460;7283820
921;52782264;1585575
922;52908525;2121626
923;52909250;1400000
924;52975144;1493830
925;53130629;3171651
926;59177395;4294971
927;59314350;2004680
928;59706933;3227822
929;6105871;1900000
930;6106239;4336960
931;6108906;3715148
932;6135700;4053383
933;6224884;1819166
934;6254228;2000808
935;6333687;2031787
936;64570227;2565858
937;6500388;7227946
938;6548859;2925446
939;66725067;1229106
940;66726811;4567698
941;66763625;1400000
942;66773876;1784702
943;66777343;4021149
944;66809202;3754454
945;66813979;2089777
946;66814352;1574638
947;66820132;1900000
948;66828210;1160000
949;66831017;1160000
950;66834806;2015107
951;66835415;1489737
952;66840116;2115191
953;66842144;1994255
954;66848010;1888464
955;66849695;1470979
956;66850013;10000000
957;66852399;1762809
958;66852426;6384649
959;66856055;1943022
960;66861900;10120000
961;66875487;1160000
962;66884706;1775319
963;66899149;7000000
964;66905993;3080000
965;66906313;1160000
966;66912142;2106505
967;66918580;2175297
968;66927720;1250000
969;66928361;2811702
970;66955475;8712000
971;66956106;6000000
972;66956141;3687125
973;66956885;1470979
974;66975315;1470979
975;66985794;1775319
976;66990216;1400000
977;66992451;2081830
978;66999426;1372596
979;67010559;3436425
980;67016656;1837873
981;67017451;2052460
982;67020115;1899330
983;67020974;7193564
984;67022124;1775319
985;67022193;1691915
986;67023761;1685904
987;67025773;4822072
988;67027045;3811000
989;67030633;3239477
990;67031936;1814936
991;67032188;2255132
992;67032338;1804392
993;67032947;1232000
994;67036066;2338512
995;67037338;3740000
996;67038092;2108935
997;67038830;1472707
998;67038988;1530213
999;67043112;1831617
1000;72265510;8062808
1001;76325804;6883354
1002;79874931;8220973
1003;80896287;3111319
1004;87216323;6214724
1005;87944908;8500000
1006;88268626;5500000
1007;91251708;1630170
1008;94060113;9279507
1009;94060116;1903405
1010;94064739;10454400
1011;94074860;3157787
1012;94267380;4245638
1013;94323839;1660638
1014;94327997;3000000
1015;94356303;3506257
1016;94401773;4414080
1017;94446744;1964527
1018;94450243;1630850
1019;94478449;3297191
1020;94497882;1975336
1021;94507332;5343360
1022;94512681;6629468
1023;94513435;4500000
1024;94517513;1967149
1025;94518983;1160000
1026;94520630;8250562
1027;94531291;2126382
1028;94531996;2263830
1029;94538329;2800000
1030;94543706;3564213
1031;94556190;2800000
1032;94558227;1607341
1033;9734058;1906681
1034;98138235;18664589
1035;98380760;16588000
1036;1006185456;1883744
1037;1059607021;6448957
1038;1088345311;1498128
1039;1127210575;3550639
1040;1143964330;1910852
1041;1107085442;1641873
1042;1107096537;6817500
1043;1107514343;7261255
1044;1113536211;1493830
1045;1115083541;4630869
1046;1144209146;7032393
1047;1003153548;1160247
1048;1006103399;1263660
1049;1006208013;2008851
1050;1032478175;7351510
1051;1052087150;3075574
1052;1062284365;908872
1053;1062323367;3979574
1054;1107509807;1833702
1055;1107528737;1160000
1056;1108332182;1229106
1057;1118296077;2149775
1058;1143876475;3696596
1059;1144179956;1923362
1060;1019018156;1814936
1061;1002956567;1912937
1062;1004625003;3357958
1063;1005875435;1864979
1064;1006036192;2224511
1065;1007563350;870000
1066;1016049235;3386554
1067;1118282327;1879574
1068;1126564578;4529809
1069;1193147355;1616851
1070;38656710;2025532
1071;94500084;2013191
1072;1010040195;1470979
1073;1010117616;4641204
1074;1019121377;1400000
1075;1130654764;3542431
1076;1143877442;6914203
1077;1143972803;1232000
1078;1004148876;1995150
1079;1005706742;1199119
1080;1005866850;1470979
1081;1031120040;1514574
1082;1059696078;4364043
1083;1107053768;1233728
1084;1113529353;1746578
1085;1144155985;1575125
1086;1234188850;1500000
1087;1106512540;3729361
1088;1130665082;1229106
1089;1143853633;1958808
1090;1143862297;1160000
1091;1143988987;1789522
1092;1144193389;1848297
1093;1007489247;1400000
1094;1045672849;6000000
1095;1064676321;1081206
1096;1144040415;1160000
1097;1144204426;1232000
1098;1006288416;1160000
1099;1111790109;1627277
1100;1113646571;1919597
1101;1114875239;1868107
1102;1130634827;2500000
1103;1130947296;1400000
1104;1143990092;1940638
1105;1143997380;2942758
1106;1144032793;1602077
1107;1144097437;1764894
1108;1144100184;3664516
1109;1144196989;1876811
1110;1192811534;3664517
1111;1193536017;1600000
1112;16916054;1436426
1113;94502923;1445064
1114;1006008599;1611084
1115;1110555042;3222626
1116;1112483724;1558468
1117;1114834685;1784482
1118;1130586081;1160000
1119;1140898305;1579319
1120;1143938297;1652298
1121;1144105665;1344000
1122;1234194154;1558468
1123;29684438;1748451
1124;34606171;1589745
1125;1043844947;1418766
1126;1107508711;5651702
1127;1107522140;5501277
1128;1143872918;3506796
1129;1143997975;1481319
1130;1234194998;1479234
1131;1005965036;1160000
1132;1006195132;1160000
1133;1010090131;1160000
1134;1028180991;1160000
1135;1061764997;1512000
1136;1112474914;2800000
1137;1193237686;1400000
1138;1007820667;1400000
1139;1007146400;870000
1140;1144179050;1400000
1141;29105092;3180000
