id_personal;cedula;tipo
64;1000406448;1
65;1001361637;1
66;1002153818;1
67;1002809392;1
68;1002859637;4
69;1002859814;4
70;1002860322;1
71;1002860493;1
72;1002879479;4
73;1002924213;4
74;1002966113;1
75;1004542033;4
76;1004572820;1
77;1004598340;1
78;1004601147;1
79;1004612419;4
80;1004709857;0
81;1005090502;0
82;1005699656;1
83;1005705583;4
84;1005707225;1
85;1005744227;1
86;1005830293;1
87;1005831894;1
88;1005832308;1
89;1005832515;1
90;1005861644;1
91;1005864899;1
92;1005869023;1
93;1005872006;1
94;1005872332;1
95;1005873178;4
96;1005873660;4
97;1005873734;1
98;1005875411;4
99;1005876333;4
100;1005877717;4
101;1005879170;1
102;1005892943;4
103;1005895805;1
104;1005944326;1
105;1005966167;4
106;1005967091;0
107;1005975247;1
108;1005979416;1
109;1005980155;1
110;1005980872;0
111;1005981245;4
112;1005981571;1
113;1006009271;4
114;1006010333;4
115;1006011577;1
116;1006015504;1
117;1006033852;1
118;1006034540;1
119;1006035332;1
120;1006037079;4
121;1006038337;1
122;1006048558;4
123;1006048801;1
124;1006050028;1
125;1006050715;1
126;1006050980;1
127;1006051547;0
128;1006051579;4
129;1006054678;4
130;1006054956;1
131;1006055220;1
132;1006071689;4
133;1006071906;4
134;1006072709;4
135;1006073270;1
136;1006098951;1
137;1006099587;1
138;1006103634;1
139;1006106296;1
140;1006108484;1
141;1006110239;0
142;1006167814;4
143;1006170490;4
144;1006172533;0
145;1006180147;1
146;1006181321;4
147;1006183308;1
148;1006184500;1
149;1006198662;1
150;1006203250;1
151;1006211525;0
152;1006231756;1
153;1006233649;1
154;1006306063;4
155;1006324079;4
156;1006331767;1
157;1006362766;1
158;1006373484;1
159;1006434207;1
160;1006435537;1
161;1006435993;4
162;1006491865;1
163;1006504621;1
164;1006513156;1
165;1006868992;0
166;1007148217;1
167;1007149024;4
168;1007198951;0
169;1007311446;4
170;1007352188;1
171;1007422461;1
172;1007433801;1
173;1007439622;1
174;1007489135;4
175;1007543612;1
176;1007602949;1
177;1007616685;4
178;1007619329;1
179;1007619686;4
180;1007626336;1
181;1007706840;1
182;1007734764;1
183;1007758675;4
184;1007815557;1
185;1007960520;1
186;1010020892;4
187;1010022286;1
188;1010029642;1
189;1010051841;1
190;1010079012;1
191;1010129440;4
192;1010151973;1
193;1010153366;1
194;1010159688;1
195;1012440931;1
196;10128484;4
197;1014273226;1
198;1019076416;1
199;1020399829;4
200;1020770462;4
201;10274359;5
202;1028008149;4
203;10303491;4
204;1032502685;1
205;1039679608;4
206;1040753114;1
207;1042449594;1
208;1042470951;1
209;1047413725;4
210;1047488587;1
211;1052395056;1
212;1053850512;4
213;1053853308;4
214;1054989410;4
215;10558466;4
216;1058971428;4
217;1059066489;1
218;1059448793;4
219;1059449349;4
220;1059984308;4
221;1059984561;4
222;1059990469;1
223;1060357317;1
224;1060416316;4
225;1060991798;4
226;1061016802;1
227;1061086879;4
228;1061430571;1
229;1061533405;1
230;1061601413;4
231;1061693680;4
232;1061735901;4
233;1061770652;1
234;1061783472;1
235;1061792047;1
236;1061792694;1
237;1061811587;4
238;1062275294;4
239;1062282613;4
240;1062284396;4
241;1062302205;1
242;1062309551;1
243;1062314209;1
244;1062315894;1
245;1062318853;1
246;1062322171;4
247;1062323021;1
248;1062323198;1
249;1062324128;4
250;1062324778;1
251;1062328166;1
252;1062754001;0
253;1065809597;1
254;1065833434;1
255;1067531552;1
256;1067531709;0
257;1070624285;1
258;1073717592;1
259;1075088540;4
260;1076822431;1
261;1080830482;0
262;1082908101;4
263;1082991340;1
264;1083867821;1
265;1083873892;4
266;1085101713;1
267;1085262934;4
268;1085267097;4
269;1085283156;4
270;1085300962;1
271;1085308636;1
272;1085314210;1
273;1085337890;1
274;1085686489;4
275;1085933775;1
276;1085947117;1
277;1086046112;1
278;1086134428;4
279;1086140502;1
280;1086361764;4
281;1086363180;1
282;1086727470;1
283;1086894083;1
284;1087114967;4
285;1087127800;1
286;1087184974;4
287;1087185258;4
288;1087194424;1
289;1087416902;1
290;1087556729;4
291;1087748134;4
292;1088217858;1
293;1088272183;1
294;1088353388;1
295;1088971923;4
296;1089484539;4
297;1090418549;1
298;1094918131;1
299;1095921926;1
300;1098717173;4
301;1104702688;1
302;1105362033;1
303;1105363717;1
304;1105365612;0
305;1106512624;1
306;1107039411;4
307;1107044460;4
308;1107047003;1
309;1107052295;1
310;1107060047;4
311;1107064113;1
312;1107065445;4
313;1107065982;1
314;1107069691;1
315;1107070140;1
316;1107078925;1
317;1107079092;1
318;1107080360;1
319;1107081697;4
320;1107085577;4
321;1107086863;1
322;1107089900;4
323;1107091081;4
324;1107093248;4
325;1107095396;1
326;1107100673;1
327;1107507210;1
328;1107510241;4
329;1107513532;4
330;1107514700;1
331;1107515545;4
332;1107516624;1
333;1107517048;1
334;1107517051;1
335;1107519080;0
336;1107520118;1
337;1107524071;1
338;1107528384;1
339;1107528806;1
340;1107529075;1
341;1107835957;1
342;1107837037;1
343;1108332491;1
344;1108332959;1
345;1108559115;1
346;1108640273;1
347;1108641159;0
348;1109542043;0
349;1109543956;4
350;1109661536;0
351;1110282611;1
352;1110287564;0
353;1110289270;0
354;1110445058;4
355;1111479379;0
356;1111539212;1
357;1111540372;0
358;1111665608;1
359;1111739581;1
360;1111740516;1
361;1111756484;1
362;1111772998;4
363;1111801931;1
364;1111923313;1
365;1112223857;4
366;1112232178;0
367;1112466029;1
368;1112471576;4
369;1112475011;4
370;1112476489;1
371;1112477288;1
372;1112477493;1
373;1112479464;4
374;1112487076;1
375;1112487206;1
376;1112491551;0
377;1112492237;1
378;1112492438;1
379;1112493810;1
380;1112495154;0
381;1112763216;4
382;1112783788;1
383;1112878113;4
384;1112965976;1
385;1112968888;1
386;1113516203;4
387;1113517693;1
388;1113518887;4
389;1113521700;4
390;1113527131;4
391;1113528766;4
392;1113530367;1
393;1113532885;1
394;1113534615;1
395;1113595327;1
396;1113622048;1
397;1113625501;1
398;1113627496;4
399;1113633745;1
400;1113637353;4
401;1113638143;4
402;1113652442;4
403;1113654635;4
404;1113657952;1
405;1113658585;4
406;1113658728;1
407;1113659067;1
408;1113662233;4
409;1113667816;1
410;1113672038;1
411;1113672769;1
412;1113674092;4
413;1113674141;4
414;1113676976;1
415;1113682693;1
416;1113682984;4
417;1113685426;4
418;1113692303;1
419;1113692653;1
420;1113692833;1
421;1113693683;4
422;1113784527;4
423;1114060670;4
424;1114120210;4
425;1114211982;1
426;1114338245;4
427;1114340095;4
428;1114456546;1
429;1114490006;1
430;1114728918;1
431;1114734966;1
432;1114824441;1
433;1114825954;1
434;1114829973;4
435;1114833102;1
436;1114837504;1
437;1114884035;4
438;1114891533;4
439;1114895637;4
440;1114900150;4
441;1115066469;4
442;1115071032;4
443;1115085652;1
444;1115421291;1
445;1116238161;4
446;1116242118;4
447;1116247188;4
448;1116264562;4
449;1116268590;1
450;1116439017;1
451;1118283694;1
452;1118299010;1
453;1118300527;4
454;1118303275;4
455;1118305678;1
456;1118306769;4
457;1118307449;1
458;1118308469;1
459;1118310208;4
460;1118310641;4
461;1118310779;1
462;1120558375;1
463;1121526591;1
464;1123733440;1
465;1125273333;4
466;1126566330;1
467;1126603698;1
468;1129571389;4
469;1129582914;1
470;1130584074;1
471;1130589125;1
472;1130590761;1
473;1130590985;1
474;1130591132;4
475;1130591852;4
476;1130596948;4
477;1130606960;4
478;1130610187;4
479;1130616580;1
480;1130622278;4
481;1130624845;1
482;1130625474;4
483;1130625648;1
484;1130626557;4
485;1130628272;4
486;1130631319;4
487;1130633748;1
488;1130637766;0
489;1130643269;1
490;1130646194;1
491;1130646537;4
492;1130646890;4
493;1130651194;1
494;1130652158;4
495;1130654792;1
496;1130656160;4
497;1130657832;1
498;1130660819;4
499;1130663071;1
500;1130663337;1
501;1130666144;4
502;1130667994;4
503;1130673020;1
504;1130680457;1
505;1130945364;1
506;1130946963;4
507;1130947412;4
508;1140416013;4
509;1140904581;1
510;1143151963;4
511;1143155861;1
512;1143454061;4
513;1143827579;4
514;1143828937;4
515;1143831680;1
516;1143831986;4
517;1143832086;1
518;1143832105;4
519;1143835298;4
520;1143836559;4
521;1143839688;4
522;1143840455;1
523;1143845704;4
524;1143845784;4
525;1143845915;1
526;1143847065;4
527;1143852006;1
528;1143853436;1
529;1143854024;1
530;1143854719;1
531;1143854794;4
532;1143854901;4
533;1143856622;1
534;1143856668;1
535;1143856896;4
536;1143859444;4
537;1143860911;4
538;1143861084;1
539;1143862327;4
540;1143863962;1
541;1143865663;1
542;1143866361;4
543;1143866540;4
544;1143867854;1
545;1143868854;4
546;1143869066;1
547;1143871204;1
548;1143871731;1
549;1143872335;1
550;1143872470;1
551;1143872828;1
552;1143873617;1
553;1143875082;4
554;1143876179;1
555;1143877203;4
556;1143877360;1
557;1143877738;1
558;1143878461;1
559;1143878688;1
560;1143879060;4
561;1143879948;4
562;1143925023;1
563;1143925847;4
564;1143929699;4
565;1143932034;1
566;1143935697;1
567;1143936997;1
568;1143937698;4
569;1143937733;1
570;1143944909;4
571;1143945232;1
572;1143946500;1
573;1143948062;4
574;1143959461;1
575;1143962847;1
576;1143963450;1
577;1143964144;4
578;1143972817;1
579;1143973032;1
580;1143975157;1
581;1143980620;4
582;1143986880;4
583;1143988397;1
584;1143990258;4
585;1143993002;4
586;1143993690;1
587;1143995090;4
588;1143996025;1
589;1144028100;4
590;1144028474;4
591;1144030940;4
592;1144031346;4
593;1144032344;4
594;1144033070;1
595;1144033811;1
596;1144038633;1
597;1144039859;4
598;1144042220;4
599;1144046606;4
600;1144047378;1
601;1144049199;4
602;1144051833;4
603;1144051952;1
604;1144053142;1
605;1144054883;4
606;1144057717;4
607;1144060843;4
608;1144061797;4
609;1144063175;4
610;1144066075;1
611;1144066683;1
612;1144067317;1
613;1144069240;1
614;1144071499;4
615;1144072383;4
616;1144075352;4
617;1144076514;1
618;1144076545;4
619;1144077756;1
620;1144078148;1
621;1144080385;4
622;1144084708;4
623;1144085729;4
624;1144086298;1
625;1144088651;4
626;1144090340;1
627;1144092544;4
628;1144093941;4
629;1144094690;4
630;1144096671;4
631;1144097753;1
632;1144098191;1
633;1144102431;1
634;1144102821;1
635;1144104497;1
636;1144106146;4
637;1144109805;4
638;1144112031;1
639;1144124745;4
640;1144124905;1
641;1144125189;1
642;1144126422;4
643;1144130828;4
644;1144133971;1
645;1144136423;4
646;1144142963;1
647;1144148550;4
648;1144148976;1
649;1144151748;4
650;1144153595;4
651;1144154125;4
652;1144156128;4
653;1144156303;1
654;1144156757;4
655;1144156776;4
656;1144158607;1
657;1144159034;1
658;1144161664;1
659;1144163998;4
660;1144164287;1
661;1144164339;4
662;1144166311;4
663;1144168177;4
664;1144168369;1
665;1144170150;4
666;1144170768;1
667;1144174255;1
668;1144174567;4
669;1144174817;4
670;1144176582;1
671;1144176956;1
672;1144179304;4
673;1144181681;1
674;1144183352;4
675;1144184824;1
676;1144185098;4
677;1144186496;4
678;1144186535;4
679;1144186631;1
680;1144187140;1
681;1144187586;1
682;1144189945;1
683;1144190392;1
684;1144190394;4
685;1144192216;1
686;1144193150;1
687;1144193766;1
688;1144195625;4
689;1144195658;4
690;1144196125;1
691;1144200624;4
692;1144200847;1
693;1144201120;4
694;1144201264;1
695;1144201877;1
696;1144202446;4
697;1144202665;1
698;1144206075;1
699;1144207281;1
700;1144208105;4
701;1148694621;1
702;1149684094;1
703;1151442568;1
704;1151935372;4
705;1151935558;4
706;1151936491;1
707;1151936787;1
708;1151945974;4
709;1151950204;4
710;1151950323;4
711;1151950374;1
712;1151951335;4
713;1151951903;4
714;1151953702;1
715;1151955878;4
716;1151956451;4
717;1151957352;4
718;1151957850;4
719;1151960148;4
720;1151960721;1
721;1151960998;4
722;1151963777;1
723;1151963983;4
724;1151964056;4
725;1151966064;1
726;1151967606;1
727;1151968533;1
728;1151969733;4
729;1151970417;1
730;1192777097;4
731;1192786894;4
732;1192907892;1
733;1193089235;1
734;1193101709;0
735;1193238857;1
736;1193249666;1
737;1193381772;1
738;1193399308;1
739;1193424644;4
740;1193445496;4
741;1193479563;1
742;1193534142;1
743;1193586503;1
744;1193596947;0
745;1232588870;1
746;1233494970;1
747;1234089319;4
748;1234188939;1
749;1234189114;1
750;1234189734;4
751;1234192551;1
752;1234193511;4
753;1234195931;1
754;1234197716;4
755;1234198055;1
756;1234198330;0
757;12988148;4
758;14621129;1
759;14675538;4
760;14677464;4
761;14678093;4
762;14700970;1
763;14839001;4
764;16077456;4
765;16283032;4
766;16289247;4
767;16363175;4
768;16463162;1
769;16463581;4
770;16670288;4
771;16677133;4
772;16698161;4
773;16710947;4
774;16746656;4
775;16772731;1
776;16773106;4
777;16773483;4
778;16775794;1
779;16785103;4
780;16787818;4
781;16897203;1
782;16925946;4
783;16937346;4
784;16985779;4
785;24333031;4
786;25281472;4
787;25337441;4
788;25364061;4
789;25371393;4
790;25394357;4
791;25529001;4
792;25618910;4
793;25665718;4
794;25691416;4
795;26477532;4
796;27082322;4
797;27452290;4
798;29105014;4
799;29111677;4
800;29113834;4
801;29113983;4
802;29114330;4
803;29121133;4
804;29124665;4
805;29125426;4
806;29180361;1
807;29349998;1
808;29352387;1
809;29360387;4
810;29504379;4
811;29507892;4
812;29508180;1
813;29509519;4
814;29510588;4
815;29664501;4
816;29677786;1
817;29680855;4
818;29683536;4
819;29974082;4
820;29974615;1
821;29975747;4
822;29975749;4
823;30300845;4
824;30350915;4
825;30393096;1
826;30393585;4
827;30398856;1
828;30734009;4
829;30746119;4
830;31305381;4
831;31305713;4
832;31306355;4
833;31307204;4
834;31308317;1
835;31321479;4
836;31322593;4
837;31322601;4
838;31323494;1
839;31422786;1
840;31480740;4
841;31481569;4
842;31482463;4
843;31482973;4
844;31483355;1
845;31485844;4
846;31488595;4
847;31524039;4
848;31537290;4
849;31567734;4
850;31568612;4
851;31569853;4
852;31575111;4
853;31578860;4
854;31579850;1
855;31582978;4
856;31589975;1
857;31601329;4
858;31656622;4
859;31710184;4
860;31901853;4
861;31938740;4
862;31951606;4
863;31959744;4
864;31963126;4
865;31964623;4
866;31972711;4
867;31978902;1
868;31984241;4
869;31994445;4
870;31998156;1
871;32701732;4
872;34325941;1
873;34340993;1
874;34373568;4
875;34502825;4
876;34512349;4
877;34512975;4
878;34567830;4
879;34609081;4
880;34611084;4
881;34770941;1
882;36753791;4
883;36931595;4
884;3738589;4
885;38550750;4
886;38554737;4
887;38556930;4
888;38557877;4
889;38559541;4
890;38560885;1
891;38561419;1
892;38568531;4
893;38595122;4
894;38600067;1
895;38601637;4
896;38601739;4
897;38603186;4
898;38610613;4
899;38611537;4
900;38614143;4
901;38640770;4
902;38641184;4
903;38642394;4
904;38644612;4
905;38644768;4
906;38655108;4
907;38655483;4
908;38666023;1
909;38666783;4
910;38680805;1
911;38790378;4
912;38877635;4
913;42118114;1
914;42138624;4
915;48654139;4
916;49671750;4
917;49689730;4
918;50892209;4
919;52090093;4
920;52514460;1
921;52782264;1
922;52908525;4
923;52909250;4
924;52975144;4
925;53130629;1
926;59177395;1
927;59314350;4
928;59706933;4
929;6105871;4
930;6106239;4
931;6108906;4
932;6135700;1
933;6224884;4
934;6254228;4
935;6333687;4
936;64570227;4
937;6500388;4
938;6548859;4
939;66725067;1
940;66726811;1
941;66763625;4
942;66773876;4
943;66777343;4
944;66809202;4
945;66813979;4
946;66814352;4
947;66820132;4
948;66828210;4
949;66831017;4
950;66834806;4
951;66835415;4
952;66840116;4
953;66842144;4
954;66848010;4
955;66849695;4
956;66850013;1
957;66852399;4
958;66852426;4
959;66856055;4
960;66861900;4
961;66875487;4
962;66884706;4
963;66899149;4
964;66905993;4
965;66906313;4
966;66912142;1
967;66918580;4
968;66927720;4
969;66928361;1
970;66955475;4
971;66956106;4
972;66956141;1
973;66956885;4
974;66975315;4
975;66985794;4
976;66990216;4
977;66992451;4
978;66999426;4
979;67010559;4
980;67016656;4
981;67017451;4
982;67020115;4
983;67020974;1
984;67022124;1
985;67022193;1
986;67023761;4
987;67025773;1
988;67027045;1
989;67030633;4
990;67031936;4
991;67032188;4
992;67032338;4
993;67032947;1
994;67036066;4
995;67037338;4
996;67038092;4
997;67038830;1
998;67038988;4
999;67043112;4
1000;72265510;4
1001;76325804;4
1002;79874931;4
1003;80896287;4
1004;87216323;4
1005;87944908;4
1006;88268626;1
1007;91251708;1
1008;94060113;1
1009;94060116;4
1010;94064739;4
1011;94074860;4
1012;94267380;1
1013;94323839;4
1014;94327997;4
1015;94356303;1
1016;94401773;4
1017;94446744;4
1018;94450243;1
1019;94478449;4
1020;94497882;4
1021;94507332;4
1022;94512681;1
1023;94513435;1
1024;94517513;1
1025;94518983;1
1026;94520630;1
1027;94531291;1
1028;94531996;4
1029;94538329;4
1030;94543706;1
1031;94556190;1
1032;94558227;1
1033;9734058;4
1034;98138235;4
1035;98380760;4
1036;1006185456;1
1037;1059607021;1
1038;1088345311;1
1039;1127210575;1
1040;1143964330;1
1041;1107085442;1
1042;1107096537;1
1043;1107514343;1
1044;1113536211;1
1045;1115083541;1
1046;1144209146;1
1047;1003153548;0
1048;1006103399;0
1049;1006208013;1
1050;1032478175;1
1051;1052087150;1
1052;1062284365;0
1053;1062323367;1
1054;1107509807;1
1055;1107528737;0
1056;1108332182;0
1057;1118296077;1
1058;1143876475;1
1059;1144179956;1
1060;1019018156;1
1061;1002956567;1
1062;1004625003;1
1063;1005875435;1
1064;1006036192;1
1065;1007563350;0
1066;1016049235;1
1067;1118282327;1
1068;1126564578;1
1069;1193147355;1
1070;38656710;1
1071;94500084;1
1072;1010040195;1
1073;1010117616;1
1074;1019121377;1
1075;1130654764;1
1076;1143877442;1
1077;1143972803;1
1078;1004148876;1
1079;1005706742;0
1080;1005866850;1
1081;1031120040;1
1082;1059696078;1
1083;1107053768;1
1084;1113529353;1
1085;1144155985;1
1086;1234188850;1
1087;1106512540;1
1088;1130665082;1
1089;1143853633;1
1090;1143862297;1
1091;1143988987;1
1092;1144193389;1
1093;1007489247;1
1094;1045672849;1
1095;1064676321;0
1096;1144040415;1
1097;1144204426;1
1098;1006288416;0
1099;1111790109;1
1100;1113646571;1
1101;1114875239;1
1102;1130634827;1
1103;1130947296;1
1104;1143990092;1
1105;1143997380;1
1106;1144032793;1
1107;1144097437;1
1108;1144100184;1
1109;1144196989;1
1110;1192811534;1
1111;1193536017;1
1112;16916054;1
1113;94502923;1
1114;1006008599;1
1115;1110555042;1
1116;1112483724;1
1117;1114834685;1
1118;1130586081;1
1119;1140898305;1
1120;1143938297;1
1121;1144105665;1
1122;1234194154;1
1123;29684438;1
1124;34606171;1
1125;1043844947;1
1126;1107508711;1
1127;1107522140;1
1128;1143872918;1
1129;1143997975;1
1130;1234194998;1
1131;1005965036;0
1132;1006195132;1
1133;1010090131;1
1134;1028180991;1
1135;1061764997;1
1136;1112474914;1
1137;1193237686;1
1138;1007820667;1
1139;1007146400;0
1140;1144179050;1
1141;29105092;1
